((("number" .
   [3 0 0 0 0 0])
  ("line" .
   [2 0 0 0])
  ("debugging" .
   [1 0 0 0 0 0 0 0 0])
  ("func" .
   [0 0 0 1])
  ("names" .
   [1 0 0 0 0])
  ("write" .
   [1 0 0 0 0])
  ("and" .
   [1 0 0])
  ("to" .
   [2 0])
  ("which" .
   [1 0 0 0 0])
  ("random" .
   [1 0 0 0 0 0])
  ("top" .
   [1 0 0])
  ("HOME/.translate" .
   [1 0 0 0 0 0 0 0 0 0 0 0 0 0 0])
  ("/dev/stdin" .
   [1 0 0 0 0 0 0 0 0 0])
  ("s" .
   [1])
  ("!languages" .
   [0 0 0 0 0 0 0 1 0 0])
  ("language" .
   [2 0 0 0 0 0 0 0])
  ("it" .
   [1 0])
  ("languages" .
   [10 0 0 0 0 0 0 0 0])
  ("-A" .
   [1 3])
  ("from" .
   [1 0 0 0])
  ("tags" .
   [1 0 0 0])
  ("codes" .
   [1 0 0 0 0])
  ("modified" .
   [2 0 0 0 0 0 0 0])
  ("added" .
   [2 0 0 0 0])
  ("to_lang" .
   [2 0 0 0 0 0 0])
  ("from_lang" .
   [2 0 0 0 0 0 0 0 0])
  ("keyword" .
   [0 0 0 0 0 0 1])
  ("transurl" .
   [0 0 0 0 0 2 0 1])
  ("baseurl" .
   [1 0 0 0 0 0 0])
  ("epoch_date" .
   [0 0 0 0 0 1 0 0 0 0])
  ("date" .
   [2 0 0 0])
  ("title" .
   [1 0 0 0 0])
  ("target" .
   [3 0 0 0 0 0])
  ("yes-or-no-p" .
   [0 0 0 1 0 0 0 0 0 0 0])
  ("print" .
   [6 0 0 0 0])
  ("emacs" .
   [2 0 0 0 0])
  ("spectre" .
   [1 0 0 0 0 0 0])
  ("functions" .
   [2 0 0 0 0 0 0 0 0])
  ("false" .
   [8 0 0 0 0])
  ("true" .
   [4 0 0 0])
  ("release" .
   [1 0 0 0 0 0 0])
  ("podman" .
   [2 0 0 0 0 0])
  ("run" .
   [2 0 0])
  ("--container" .
   [2 0 0 0 0 0 0 0 0 0 0])
  ("name" .
   [8 0 0 0])
  ("toolbox" .
   [5 0 0 0 0 0 0])
  ("the" .
   [5 0 0])
  ("exists" .
   [3 0 0 0 0 0])
  ("gnome-tweaks" .
   [0 0 0 0 0 2 0 0 0 0 0 0])
  ("scroll-bar-mode" .
   [1 0 0 0 0 0 0 0 0 0 0 0 0 0 0])
  ("nil" .
   [4 0 0])
  ("sudo" .
   [3 0 0 0])
  ("distro" .
   [1 0 0 0 0 0])
  ("dnf" .
   [2 0 0])
  ("temp" .
   [1 0 0 0])
  ("tempm" .
   [1 0 0 0 0])
  ("tempf" .
   [1 0 0 0 0])
  ("query" .
   [4 0 0 0 0])
  ("search" .
   [1 0 0 0 0 0])
  ("current" .
   [0 0 0 0 0 0 1])
  ("current_scaling" .
   [0 0 0 0 0 0 0 1 0 0 0 0 0 0 0])
  ("scaling" .
   [1 0 0 0 0 0 0])
  ("pretty_print" .
   [0 0 0 0 0 0 1 0 0 0 0 0])
  ("inhibit-and-play" .
   [0 0 0 0 0 0 0 0 0 0 0 1 1 0 0 0])
  ("extension" .
   [1 0 0 0 0 0 0 0 0])
  ("tee" .
   [1 0 0])
  ("file" .
   [3 0 0 0])
  ("base64" .
   [2 0 0 0 0 0])
  ("/dev/null" .
   [6 0 0 0 0 0 0 0 0])
  ("grep" .
   [4 0 0 0])
  ("/usr/bin/firefox" .
   [1 0 0 0 0 0 0 0 0 0 0 0 0 0 0 0])
  ("new" .
   [2 0 0])
  ("--search" .
   [1 0 0 0 0 0 0 0])
  ("newTab" .
   [1 0 0 0 0 0])
  ("cat" .
   [1 0 0])
  ("--ignore-garbage" .
   [0 0 0 0 0 1 0 0 0 0 0 0 0 0 0 0])
  ("fpath" .
   [2 0 0 0 0])
  ("input" .
   [5 0 0 0 0])
  ("substr3" .
   [1 0 0 0 0 0 0])
  ("src" .
   [5 0 0])
  ("-a" .
   [1 0])
  ("-f" .
   [1 0])
  ("-sh" .
   [1 0 0])
  ("-t" .
   [1 0])
  ("-sp" .
   [1 0 0])
  ("DNF_EXIT_STATUS" .
   [0 0 0 1 0 0 1 0 0 0 0 0 0 0 0])
  ("stop" .
   [2 0 0 0])
  ("count" .
   [1 0 0 0 0])
  ("prefix" .
   [6 0 0 0 0 0])
  ("page" .
   [3 0 0 0])
  ("DEBUG" .
   [2 0 0 0 0])
  ("get-names" .
   [1 0 0 0 0 0 0 0 0])
  ("pages" .
   [1 0 0 0 0])
  ("curl" .
   [2 0 0 0])
  ("GET" .
   [1 0 0])
  ("pipefail" .
   [2 0 0 0 0 0 0 0])))
